driverId raceId position
849 1031 11
8 1031 14
826 1031 12
846 1031 3
844 1031 2
1 1031 4
842 1031 7
847 1031 15
841 1031 9
20 1031 10
822 1031 1
825 1031 17
154 1031 16
830 1031 20
840 1031 18
817 1031 19
832 1031 5
848 1031 13
815 1031 6
839 1031 8
817 1032 12
844 1032 4
826 1032 14
20 1032 15
839 1032 11
830 1032 6
840 1032 10
832 1032 7
846 1032 3
8 1032 17
815 1032 5
847 1032 20
841 1032 13
849 1032 16
822 1032 1
1 1032 2
154 1032 19
842 1032 9
848 1032 8
825 1032 18
842 1033 12
8 1033 17
847 1033 20
20 1033 10
839 1033 13
154 1033 19
822 1033 2
830 1033 3
840 1033 8
841 1033 14
832 1033 9
825 1033 16
848 1033 5
844 1033 7
815 1033 6
1 1033 1
817 1033 11
846 1033 4
826 1033 15
849 1033 18
1 1034 1
154 1034 20
840 1034 8
815 1034 7
830 1034 3
807 1034 21
817 1034 9
832 1034 10
848 1034 6
20 1034 13
841 1034 14
847 1034 19
822 1034 2
8 1034 18
839 1034 11
825 1034 16
844 1034 5
826 1034 15
849 1034 17
842 1034 12
846 1034 4
840 1035 7
849 1035 19
841 1035 15
847 1035 20
846 1035 5
844 1035 4
848 1035 6
815 1035 8
20 1035 13
830 1035 2
822 1035 3
807 1035 14
1 1035 1
842 1035 12
832 1035 11
826 1035 16
825 1035 17
839 1035 10
154 1035 21
817 1035 9
8 1035 18
842 1036 13
817 1036 10
839 1036 12
20 1036 11
840 1036 5
832 1036 9
844 1036 4
807 1036 14
154 1036 21
846 1036 7
815 1036 8
830 1036 2
841 1036 15
822 1036 3
849 1036 19
8 1036 18
847 1036 20
825 1036 17
1 1036 1
848 1036 6
826 1036 16
832 1037 11
830 1037 2
825 1037 17
841 1037 15
822 1037 3
817 1037 8
826 1037 16
844 1037 5
840 1037 7
807 1037 14
8 1037 18
20 1037 13
815 1037 9
154 1037 21
849 1037 19
842 1037 12
1 1037 1
847 1037 20
848 1037 4
846 1037 6
839 1037 10
826 1038 15
1 1038 1
849 1038 18
840 1038 4
848 1038 6
825 1038 17
822 1038 2
8 1038 19
846 1038 5
841 1038 16
842 1038 8
817 1038 10
154 1038 20
815 1038 11
844 1038 7
847 1038 21
20 1038 13
807 1038 14
832 1038 9
830 1038 3
839 1038 12
840 1039 6
847 1039 20
815 1039 9
807 1039 15
822 1039 2
825 1039 18
839 1039 12
8 1039 16
841 1039 17
842 1039 10
830 1039 3
849 1039 19
846 1039 4
826 1039 14
832 1039 11
154 1039 21
817 1039 7
1 1039 1
848 1039 5
20 1039 13
844 1039 8
815 1040 9
807 1040 15
154 1040 21
848 1040 5
822 1040 2
825 1040 18
839 1040 12
840 1040 8
817 1040 6
847 1040 20
832 1040 11
849 1040 19
842 1040 10
846 1040 4
844 1040 7
8 1040 16
841 1040 17
826 1040 14
20 1040 13
1 1040 1
830 1040 3
839 1041 12
848 1041 7
815 1041 5
846 1041 6
8 1041 17
849 1041 20
841 1041 16
822 1041 2
817 1041 4
847 1041 21
826 1041 14
840 1041 9
807 1041 15
154 1041 18
832 1041 11
830 1041 3
842 1041 10
20 1041 13
1 1041 1
825 1041 19
844 1041 8
154 1042 18
844 1042 5
8 1042 17
20 1042 13
817 1042 4
840 1042 11
849 1042 20
1 1042 1
826 1042 14
807 1042 15
848 1042 8
846 1042 7
847 1042 21
841 1042 16
822 1042 2
842 1042 9
832 1042 10
825 1042 19
830 1042 3
839 1042 12
815 1042 6
817 1043 4
20 1043 14
844 1043 5
842 1043 10
832 1043 8
815 1043 6
848 1043 9
154 1043 18
807 1043 15
846 1043 7
849 1043 20
826 1043 13
840 1043 11
8 1043 16
841 1043 17
822 1043 2
847 1043 21
830 1043 3
825 1043 19
839 1043 12
1 1043 1
807 1044 15
841 1044 17
839 1044 12
154 1044 18
825 1044 19
815 1044 4
830 1044 3
848 1044 9
842 1044 10
8 1044 16
832 1044 7
844 1044 5
849 1044 20
1 1044 1
847 1044 21
20 1044 13
817 1044 6
846 1044 8
840 1044 11
826 1044 14
822 1044 2
847 1045 21
846 1045 7
825 1045 19
826 1045 14
844 1045 6
832 1045 8
1 1045 1
840 1045 11
830 1045 3
154 1045 18
839 1045 12
20 1045 13
8 1045 16
841 1045 17
849 1045 20
848 1045 9
815 1045 5
807 1045 15
822 1045 2
842 1045 10
817 1045 4
840 1046 10
1 1046 1
8 1046 16
839 1046 12
844 1046 6
817 1046 5
849 1046 21
846 1046 9
850 1046 23
851 1046 22
832 1046 7
807 1046 15
20 1046 13
826 1046 14
822 1046 2
842 1046 11
841 1046 17
830 1046 3
154 1046 19
848 1046 8
847 1046 18
815 1046 4
825 1046 20
842 1047 10
832 1047 6
839 1047 12
851 1047 22
154 1047 19
8 1047 16
850 1047 23
846 1047 9
847 1047 18
20 1047 13
826 1047 14
840 1047 11
825 1047 20
822 1047 2
830 1047 3
841 1047 17
849 1047 21
848 1047 7
817 1047 5
815 1047 4
807 1047 15
844 1047 8
1 1047 1
