driverId raceId position
18 948 14
836 948 16
822 948 8
830 948 10
4 948 21
807 948 7
817 948 4
154 948 6
815 948 13
826 948 22
13 948 5
821 948 20
835 948 11
1 948 2
832 948 9
831 948 15
837 948 19
8 948 18
20 948 3
3 948 1
825 948 12
828 948 17
807 949 9
18 949 20
825 949 14
8 949 4
822 949 11
831 949 19
838 949 13
828 949 16
817 949 3
826 949 10
154 949 5
815 949 17
20 949 6
13 949 7
3 949 1
835 949 15
821 949 22
836 949 18
1 949 2
830 949 8
4 949 23
832 949 12
837 949 21
807 950 11
1 950 2
838 950 13
828 950 17
18 950 19
821 950 22
826 950 7
831 950 21
20 950 4
13 950 6
837 950 23
3 950 1
835 950 16
154 950 8
815 950 15
817 950 3
836 950 20
822 950 10
832 950 12
825 950 14
8 950 5
830 950 9
4 950 18
825 951 12
830 951 10
8 951 3
13 951 6
20 951 5
4 951 11
837 951 23
835 951 18
3 951 1
1 951 2
815 951 15
154 951 7
817 951 4
836 951 20
821 951 22
828 951 19
826 951 8
822 951 9
832 951 14
18 951 16
838 951 17
831 951 21
807 951 13
835 952 18
20 952 4
807 952 15
831 952 22
837 952 23
821 952 19
3 952 1
4 952 12
1 952 3
826 952 9
838 952 17
832 952 11
822 952 8
836 952 21
154 952 10
18 952 16
825 952 14
817 952 5
13 952 7
8 952 2
828 952 20
815 952 13
830 952 6
1 953 2
821 953 18
826 953 10
817 953 3
837 953 23
838 953 17
836 953 21
828 953 20
832 953 13
807 953 14
13 953 7
825 953 15
4 953 12
18 953 16
822 953 8
154 953 11
815 953 9
20 953 5
831 953 22
835 953 19
3 953 1
8 953 4
830 953 6
828 954 20
8 954 5
831 954 22
3 954 1
822 954 7
817 954 4
815 954 9
830 954 6
832 954 14
1 954 2
821 954 18
154 954 11
835 954 19
20 954 3
825 954 15
4 954 12
836 954 21
13 954 8
826 954 10
807 954 13
838 954 17
18 954 16
837 954 23
836 955 22
838 955 17
835 955 19
154 955 11
825 955 15
830 955 6
20 955 3
3 955 1
13 955 9
807 955 12
4 955 13
815 955 8
1 955 2
826 955 10
821 955 18
822 955 7
837 955 23
817 955 5
832 955 14
18 955 16
8 955 4
828 955 20
831 955 21
830 956 6
807 956 13
832 956 12
821 956 19
4 956 14
13 956 9
8 956 4
838 956 18
822 956 7
826 956 11
831 956 22
825 956 16
835 956 20
828 956 21
836 956 17
837 956 23
154 956 10
3 956 1
18 956 15
815 956 8
817 956 5
20 956 3
1 956 2
830 957 6
18 957 15
822 957 7
836 957 17
828 957 21
832 957 12
13 957 9
8 957 3
821 957 19
817 957 4
825 957 16
1 957 2
826 957 13
4 957 14
3 957 1
837 957 23
20 957 5
154 957 10
835 957 20
815 957 8
807 957 11
838 957 18
831 957 22
3 958 2
825 958 16
838 958 18
8 958 4
828 958 21
837 958 23
18 958 15
20 958 5
4 958 13
13 958 9
831 958 22
835 958 20
826 958 14
807 958 12
1 958 1
815 958 8
821 958 19
154 958 11
830 958 6
817 958 3
836 958 17
832 958 10
822 958 7
8 959 4
1 959 1
20 959 5
3 959 2
825 959 16
831 959 22
154 959 12
817 959 3
828 959 21
826 959 14
822 959 7
835 959 20
821 959 19
838 959 18
807 959 10
13 959 9
4 959 13
18 959 15
830 959 6
837 959 23
836 959 17
815 959 8
832 959 11
826 960 14
4 960 11
828 960 21
815 960 8
835 960 20
154 960 13
8 960 5
1 960 1
836 960 17
817 960 3
832 960 12
825 960 16
837 960 23
831 960 22
13 960 10
807 960 9
821 960 19
838 960 18
3 960 2
830 960 6
20 960 4
822 960 7
18 960 15
839 960 24
837 961 23
20 961 4
839 961 24
4 961 11
836 961 17
838 961 18
18 961 15
13 961 10
8 961 5
154 961 13
835 961 20
3 961 2
828 961 21
822 961 7
830 961 6
807 961 9
826 961 14
821 961 19
831 961 22
832 961 12
817 961 3
1 961 1
815 961 8
825 961 16
18 962 15
821 962 19
817 962 3
13 962 10
822 962 7
20 962 4
8 962 5
815 962 8
826 962 14
807 962 9
4 962 11
836 962 17
832 962 12
839 962 24
835 962 20
837 962 23
825 962 16
838 962 18
830 962 6
828 962 21
1 962 2
831 962 22
3 962 1
154 962 13
3 963 1
8 963 4
807 963 9
837 963 23
13 963 11
830 963 6
822 963 7
828 963 21
821 963 20
835 963 17
825 963 16
839 963 24
1 963 2
20 963 5
817 963 3
18 963 15
832 963 12
4 963 10
154 963 13
836 963 18
826 963 14
831 963 22
838 963 19
815 963 8
831 964 22
835 964 17
807 964 9
832 964 12
830 964 5
817 964 3
154 964 13
13 964 10
821 964 20
815 964 8
828 964 21
18 964 15
3 964 1
826 964 14
4 964 11
8 964 4
839 964 24
20 964 6
837 964 23
822 964 7
836 964 18
1 964 2
825 964 16
838 964 19
817 965 3
154 965 13
839 965 24
838 965 19
832 965 12
825 965 16
4 965 10
826 965 14
831 965 22
20 965 4
1 965 2
837 965 23
828 965 21
3 965 1
815 965 7
13 965 11
835 965 17
822 965 8
8 965 5
821 965 20
18 965 15
830 965 6
836 965 18
807 965 9
154 966 13
18 966 15
839 966 24
836 966 18
835 966 17
838 966 19
837 966 23
807 966 9
13 966 11
832 966 12
815 966 7
828 966 21
825 966 16
20 966 4
830 966 6
822 966 8
4 966 10
1 966 2
826 966 14
817 966 3
831 966 22
8 966 5
3 966 1
821 966 20
836 967 19
8 967 6
1 967 2
3 967 1
828 967 22
18 967 15
826 967 14
838 967 20
4 967 10
839 967 23
825 967 16
20 967 4
837 967 24
835 967 18
822 967 8
831 967 17
815 967 7
13 967 11
832 967 12
821 967 21
807 967 9
830 967 5
817 967 3
154 967 13
837 968 24
826 968 14
831 968 17
817 968 3
18 968 15
13 968 11
4 968 10
839 968 23
825 968 16
832 968 12
1 968 2
838 968 20
154 968 13
20 968 4
3 968 1
807 968 9
815 968 7
830 968 5
835 968 18
821 968 21
8 968 6
822 968 8
836 968 19
828 968 22
