driverId raceId position
8 1010 8
832 1010 20
848 1010 14
840 1010 9
807 1010 7
9 1010 17
841 1010 15
826 1010 10
154 1010 18
20 1010 4
847 1010 16
822 1010 1
1 1010 2
846 1010 12
830 1010 3
844 1010 5
815 1010 13
825 1010 6
817 1010 19
842 1010 11
848 1011 11
822 1011 1
830 1011 3
832 1011 20
840 1011 12
154 1011 19
844 1011 4
842 1011 10
20 1011 5
817 1011 18
815 1011 14
8 1011 6
807 1011 9
825 1011 8
826 1011 13
841 1011 15
846 1011 7
847 1011 16
9 1011 17
1 1011 2
841 1012 16
846 1012 8
848 1012 13
847 1012 19
807 1012 10
154 1012 17
8 1012 7
832 1012 18
815 1012 12
9 1012 20
817 1012 11
840 1012 14
20 1012 4
1 1012 1
830 1012 3
842 1012 6
826 1012 15
825 1012 9
822 1012 2
844 1012 5
20 1013 3
846 1013 9
847 1013 19
830 1013 4
841 1013 17
826 1013 16
840 1013 14
825 1013 10
1 1013 2
154 1013 18
8 1013 8
848 1013 15
832 1013 12
807 1013 11
842 1013 7
822 1013 1
817 1013 13
844 1013 5
9 1013 20
815 1013 6
848 1014 15
846 1014 10
841 1014 18
807 1014 13
817 1014 12
844 1014 5
154 1014 17
826 1014 16
815 1014 8
9 1014 20
847 1014 19
825 1014 7
20 1014 4
822 1014 2
840 1014 14
1 1014 1
832 1014 11
830 1014 3
8 1014 9
842 1014 6
1 1015 1
815 1015 9
825 1015 8
848 1015 14
9 1015 20
822 1015 2
844 1015 5
842 1015 6
154 1015 17
830 1015 4
841 1015 18
817 1015 13
807 1015 15
832 1015 7
8 1015 10
826 1015 12
847 1015 19
846 1015 11
840 1015 16
20 1015 3
20 1016 3
825 1016 9
846 1016 12
826 1016 14
154 1016 17
830 1016 4
844 1016 5
9 1016 20
817 1016 8
822 1016 2
841 1016 18
1 1016 1
815 1016 10
842 1016 6
847 1016 19
832 1016 7
807 1016 13
8 1016 11
848 1016 15
840 1016 16
844 1017 5
9 1017 20
847 1017 19
807 1017 10
846 1017 12
817 1017 9
832 1017 7
842 1017 6
8 1017 8
822 1017 2
841 1017 18
840 1017 16
848 1017 15
154 1017 17
830 1017 4
20 1017 3
825 1017 11
826 1017 14
815 1017 13
1 1017 1
826 1018 14
847 1018 19
8 1018 9
842 1018 6
822 1018 2
825 1018 12
840 1018 16
830 1018 3
1 1018 1
9 1018 20
841 1018 18
832 1018 7
807 1018 11
846 1018 8
815 1018 13
154 1018 17
817 1018 10
844 1018 5
20 1018 4
848 1018 15
826 1019 14
832 1019 7
830 1019 3
846 1019 9
154 1019 17
844 1019 5
9 1019 20
817 1019 10
1 1019 1
815 1019 13
842 1019 6
8 1019 8
847 1019 19
807 1019 11
20 1019 4
848 1019 15
825 1019 12
841 1019 18
822 1019 2
840 1019 16
815 1020 16
846 1020 10
847 1020 20
844 1020 5
830 1020 3
842 1020 6
848 1020 15
1 1020 1
840 1020 12
9 1020 19
841 1020 18
832 1020 7
826 1020 8
817 1020 11
20 1020 4
825 1020 13
807 1020 14
822 1020 2
154 1020 17
8 1020 9
825 1021 13
842 1021 6
822 1021 2
844 1021 5
8 1021 8
847 1021 20
815 1021 16
848 1021 15
9 1021 19
817 1021 11
20 1021 4
807 1021 14
154 1021 17
1 1021 1
830 1021 3
840 1021 12
846 1021 10
832 1021 7
841 1021 18
826 1021 9
847 1022 20
807 1022 14
846 1022 11
842 1022 6
1 1022 1
815 1022 13
826 1022 8
8 1022 9
844 1022 5
825 1022 16
20 1022 4
841 1022 18
822 1022 2
848 1022 10
832 1022 7
830 1022 3
817 1022 12
840 1022 15
9 1022 19
154 1022 17
832 1023 7
846 1023 14
842 1023 6
841 1023 18
826 1023 10
817 1023 8
8 1023 12
154 1023 17
847 1023 20
822 1023 2
848 1023 9
9 1023 19
1 1023 1
815 1023 13
844 1023 4
807 1023 11
20 1023 5
830 1023 3
825 1023 16
840 1023 15
8 1024 13
841 1024 18
846 1024 12
830 1024 4
832 1024 7
817 1024 9
848 1024 8
807 1024 11
154 1024 17
815 1024 14
826 1024 10
844 1024 3
847 1024 20
842 1024 6
825 1024 16
20 1024 5
9 1024 19
822 1024 2
840 1024 15
1 1024 1
847 1025 20
20 1025 5
817 1025 10
830 1025 4
846 1025 9
840 1025 16
154 1025 17
822 1025 2
825 1025 15
842 1025 6
844 1025 3
1 1025 1
832 1025 7
815 1025 13
807 1025 11
841 1025 18
826 1025 12
8 1025 14
848 1025 8
9 1025 19
830 1026 4
841 1026 18
842 1026 7
832 1026 6
815 1026 9
20 1026 5
826 1026 11
847 1026 20
825 1026 16
817 1026 12
840 1026 15
846 1026 10
154 1026 17
8 1026 14
9 1026 19
844 1026 3
807 1026 13
822 1026 2
1 1026 1
848 1026 8
841 1027 18
848 1027 8
9 1027 19
840 1027 15
807 1027 11
154 1027 17
830 1027 5
8 1027 14
847 1027 20
822 1027 2
20 1027 4
825 1027 16
844 1027 3
846 1027 12
1 1027 1
815 1027 9
832 1027 7
826 1027 13
842 1027 6
817 1027 10
9 1028 19
848 1028 6
807 1028 12
817 1028 9
844 1028 3
826 1028 13
825 1028 16
20 1028 5
8 1028 14
846 1028 11
842 1028 8
154 1028 17
847 1028 20
822 1028 2
841 1028 18
832 1028 7
815 1028 10
1 1028 1
840 1028 15
830 1028 4
807 1029 13
1 1029 1
847 1029 20
9 1029 19
815 1029 10
846 1029 11
830 1029 3
826 1029 14
848 1029 8
20 1029 5
822 1029 2
154 1029 18
817 1029 9
842 1029 6
844 1029 4
840 1029 15
841 1029 17
825 1029 16
832 1029 7
8 1029 12
826 1030 13
848 1030 8
841 1030 17
846 1030 11
817 1030 9
20 1030 5
815 1030 10
1 1030 1
8 1030 12
842 1030 7
830 1030 3
822 1030 2
847 1030 20
840 1030 15
154 1030 18
9 1030 19
844 1030 4
832 1030 6
825 1030 16
807 1030 14
