driverId raceId position
4 989 5
828 989 19
832 989 10
838 989 9
840 989 14
817 989 4
830 989 6
844 989 13
839 989 12
8 989 3
825 989 17
20 989 1
154 989 16
842 989 18
815 989 11
845 989 20
843 989 15
1 989 2
822 989 8
807 989 7
845 990 20
838 990 11
807 990 6
839 990 14
844 990 16
815 990 15
8 990 5
830 990 10
843 990 19
825 990 9
828 990 12
20 990 1
840 990 18
832 990 13
4 990 4
842 990 7
154 990 17
817 990 8
822 990 3
1 990 2
1 991 2
815 991 15
822 991 3
832 991 12
842 991 9
845 991 19
843 991 20
807 991 7
825 991 10
839 991 14
154 991 17
844 991 16
20 991 1
817 991 4
838 991 11
4 991 6
830 991 8
840 991 18
8 991 5
828 991 13
825 992 12
828 992 16
844 992 13
815 992 9
843 992 18
822 992 4
845 992 20
839 992 17
1 992 1
817 992 5
154 992 19
20 992 2
840 992 15
8 992 3
832 992 10
807 992 7
830 992 8
838 992 14
842 992 11
4 992 6
1 993 1
832 993 10
840 993 15
8 993 4
154 993 19
815 993 11
845 993 20
842 993 12
822 993 3
830 993 6
844 993 13
807 993 8
817 993 5
4 993 7
843 993 18
839 993 17
838 993 14
828 993 16
825 993 9
20 993 2
845 994 20
839 994 13
154 994 19
20 994 2
822 994 4
844 994 14
838 994 15
840 994 16
817 994 3
807 994 8
843 994 18
828 994 17
832 994 9
815 994 12
1 994 1
830 994 6
842 994 11
8 994 5
825 994 10
4 994 7
807 995 8
832 995 9
844 995 14
817 995 4
8 995 5
822 995 3
154 995 19
838 995 15
843 995 18
815 995 12
840 995 16
825 995 10
845 995 20
20 995 1
842 995 11
830 995 6
839 995 13
828 995 17
1 995 2
4 995 7
1 996 1
4 996 8
828 996 17
817 996 3
838 996 15
843 996 18
825 996 10
20 996 2
830 996 6
839 996 13
844 996 14
822 996 4
807 996 7
815 996 12
840 996 16
845 996 20
842 996 11
832 996 9
8 996 5
154 996 19
817 997 4
842 997 13
844 997 14
830 997 5
838 997 16
822 997 6
20 997 1
845 997 20
815 997 11
843 997 19
8 997 3
807 997 9
828 997 18
825 997 7
4 997 8
839 997 12
840 997 17
154 997 15
1 997 2
832 997 10
822 998 5
845 998 20
20 998 1
8 998 3
828 998 18
839 998 11
154 998 15
843 998 19
830 998 6
838 998 16
4 998 8
840 998 17
807 998 7
832 998 10
1 998 2
844 998 14
815 998 12
817 998 4
825 998 9
842 998 13
815 999 10
838 999 16
1 999 1
807 999 7
154 999 13
832 999 12
828 999 17
830 999 6
845 999 20
839 999 11
840 999 18
844 999 15
822 999 4
8 999 3
825 999 9
817 999 5
843 999 19
20 999 2
4 999 8
842 999 14
830 1000 6
815 1000 10
825 1000 8
154 1000 14
8 1000 3
817 1000 5
822 1000 4
844 1000 15
1 1000 1
842 1000 13
843 1000 19
840 1000 18
832 1000 11
838 1000 16
839 1000 12
845 1000 20
828 1000 17
20 1000 2
807 1000 7
4 1000 9
20 1001 2
4 1001 9
815 1001 10
822 1001 4
817 1001 6
832 1001 12
154 1001 14
828 1001 17
842 1001 13
839 1001 11
844 1001 15
845 1001 20
1 1001 1
825 1001 8
830 1001 5
8 1001 3
807 1001 7
840 1001 18
838 1001 16
843 1001 19
4 1002 11
815 1002 9
840 1002 17
822 1002 4
832 1002 12
825 1002 8
838 1002 16
807 1002 7
845 1002 20
154 1002 14
828 1002 18
830 1002 5
839 1002 10
8 1002 3
20 1002 2
842 1002 13
843 1002 19
844 1002 15
817 1002 6
1 1002 1
1 1003 1
832 1003 12
840 1003 17
815 1003 10
817 1003 6
828 1003 18
807 1003 7
4 1003 8
825 1003 9
839 1003 11
845 1003 20
8 1003 3
838 1003 16
822 1003 4
830 1003 5
843 1003 19
844 1003 15
20 1003 2
154 1003 14
842 1003 13
842 1004 13
832 1004 12
1 1004 1
844 1004 15
8 1004 4
20 1004 2
822 1004 3
807 1004 8
825 1004 7
815 1004 10
839 1004 11
4 1004 9
817 1004 6
840 1004 17
838 1004 16
843 1004 19
845 1004 20
154 1004 14
830 1004 5
828 1004 18
828 1005 18
839 1005 11
8 1005 4
4 1005 10
830 1005 5
842 1005 14
822 1005 3
845 1005 20
817 1005 6
154 1005 13
825 1005 8
840 1005 17
815 1005 7
807 1005 9
20 1005 2
838 1005 16
844 1005 15
832 1005 12
1 1005 1
843 1005 19
20 1006 2
845 1006 20
832 1006 12
825 1006 9
822 1006 4
842 1006 14
840 1006 18
1 1006 1
830 1006 5
844 1006 15
828 1006 17
4 1006 10
838 1006 16
817 1006 6
807 1006 7
154 1006 13
8 1006 3
843 1006 19
815 1006 8
839 1006 11
844 1007 15
20 1007 2
830 1007 5
817 1007 6
1 1007 1
843 1007 19
842 1007 14
838 1007 16
825 1007 9
822 1007 4
815 1007 8
154 1007 13
840 1007 18
839 1007 11
832 1007 12
807 1007 7
828 1007 17
4 1007 10
8 1007 3
845 1007 20
8 1008 3
828 1008 17
817 1008 6
844 1008 14
842 1008 15
4 1008 10
822 1008 4
825 1008 9
838 1008 16
832 1008 12
843 1008 19
830 1008 5
20 1008 2
839 1008 11
1 1008 1
840 1008 18
845 1008 20
807 1008 7
815 1008 8
154 1008 13
20 1009 2
845 1009 20
843 1009 19
844 1009 13
8 1009 3
839 1009 12
838 1009 16
830 1009 4
825 1009 9
828 1009 17
840 1009 18
822 1009 5
815 1009 8
807 1009 7
817 1009 6
842 1009 15
4 1009 11
832 1009 10
154 1009 14
1 1009 1
